id,predicted_label
0,3
1,0
2,2
3,3
4,4
5,3
6,4
7,3
8,3
9,3
10,5
11,4
12,6
13,6
14,3
15,6
16,2
17,5
18,3
19,2
20,3
21,3
22,6
23,4
24,3
25,4
26,5
27,6
28,6
29,6
30,4
31,4
32,0
33,6
34,1
35,6
36,3
37,3
38,3
39,4
40,3
41,6
42,2
43,4
44,4
45,4
46,3
47,3
48,3
49,3
50,4
51,2
52,3
53,0
54,2
55,3
56,5
57,6
58,6
59,4
60,3
61,6
62,4
63,6
64,3
65,3
66,3
67,5
68,5
69,4
70,3
71,3
72,3
73,3
74,3
75,4
76,6
77,3
78,5
79,2
80,5
81,3
82,3
83,4
84,6
85,6
86,3
87,3
88,3
89,3
90,3
91,6
92,0
93,3
94,6
95,3
96,3
97,5
98,3
99,6
100,5
101,3
102,6
103,6
104,4
105,4
106,5
107,5
108,3
109,3
110,0
111,3
112,3
113,0
114,3
115,6
116,3
117,4
118,3
119,3
120,3
121,3
122,5
123,4
124,3
125,3
126,3
127,3
128,3
129,3
130,6
131,3
132,4
133,4
134,5
135,4
136,3
137,6
138,4
139,4
140,2
141,3
142,3
143,4
144,3
145,4
146,3
147,0
148,6
149,5
150,4
151,6
152,6
153,6
154,3
155,3
156,6
157,3
158,6
159,3
160,3
161,3
162,3
163,2
164,2
165,5
166,6
167,5
168,3
169,4
170,5
171,5
172,4
173,3
174,4
175,0
176,3
177,6
178,3
179,4
180,3
181,6
182,6
183,4
184,3
185,3
186,5
187,2
188,4
189,6
190,3
191,2
192,6
193,4
194,4
195,6
196,5
197,6
198,3
199,3
200,3
201,4
202,4
203,3
204,3
205,4
206,3
207,5
208,3
209,3
210,4
211,6
212,5
213,3
214,0
215,3
216,2
217,3
218,4
219,3
220,3
221,4
222,0
223,5
224,4
225,4
226,5
227,3
228,5
229,3
230,3
231,4
232,3
233,3
234,6
235,3
236,3
237,4
238,3
239,3
240,3
241,4
242,0
243,3
244,3
245,2
246,4
247,2
248,3
249,6
250,4
251,3
252,3
253,2
254,3
255,4
256,3
257,3
258,3
259,4
260,3
261,3
262,2
263,3
264,6
265,5
266,3
267,3
268,6
269,6
270,3
271,2
272,3
273,4
274,4
275,3
276,3
277,3
278,4
279,6
280,3
281,2
282,3
283,3
284,6
285,4
286,3
287,5
288,4
289,3
290,0
291,4
292,3
293,6
294,3
295,6
296,3
297,3
298,3
299,6
300,3
301,2
302,0
303,5
304,4
305,3
306,4
307,3
308,6
309,3
310,6
311,6
312,0
313,5
314,6
315,3
316,3
317,6
318,4
319,6
320,3
321,6
322,3
323,3
324,6
325,4
326,4
327,6
328,2
329,3
330,3
331,3
332,5
333,4
334,6
335,5
336,2
337,5
338,3
339,3
340,3
341,4
342,4
343,4
344,2
345,2
346,3
347,5
348,3
349,4
350,3
351,4
352,3
353,6
354,3
355,4
356,4
357,3
358,4
359,3
360,3
361,3
362,3
363,4
364,5
365,3
366,0
367,6
368,3
369,2
370,3
371,3
372,4
373,3
374,6
375,4
376,4
377,3
378,3
379,3
380,3
381,3
382,6
383,2
384,6
385,3
386,3
387,6
388,3
389,6
390,3
391,2
392,6
393,2
394,4
395,2
396,4
397,0
398,5
399,4
400,2
401,3
402,6
403,3
404,6
405,2
406,6
407,4
408,4
409,4
410,4
411,3
412,3
413,4
414,6
415,6
416,3
417,4
418,5
419,3
420,0
421,4
422,4
423,3
424,5
425,3
426,3
427,3
428,4
429,6
430,3
431,2
432,3
433,4
434,3
435,3
436,3
437,3
438,3
439,3
440,5
441,3
442,3
443,3
444,3
445,3
446,3
447,6
448,3
449,3
450,4
451,6
452,3
453,3
454,4
455,5
456,3
457,4
458,3
459,5
460,3
461,3
462,0
463,4
464,5
465,3
466,3
467,4
468,4
469,3
470,4
471,3
472,3
473,3
474,2
475,3
476,5
477,3
478,3
479,3
480,3
481,3
482,5
483,4
484,6
485,3
486,4
487,5
488,6
489,6
490,3
491,3
492,6
493,3
494,6
495,6
496,0
497,2
498,3
499,3
500,2
501,2
502,3
503,3
504,4
505,3
506,5
507,3
508,5
509,3
510,3
511,4
512,0
513,3
514,3
515,4
516,3
517,5
518,0
519,6
520,3
521,2
522,4
523,2
524,5
525,6
526,5
527,6
528,3
529,3
530,6
531,4
532,3
533,5
534,3
535,3
536,3
537,3
538,3
539,3
540,3
541,2
542,6
543,4
544,5
545,4
546,3
547,3
548,3
549,3
550,6
551,3
552,3
553,6
554,4
555,2
556,3
557,6
558,3
559,4
560,0
561,3
562,3
563,3
564,4
565,3
566,3
567,0
568,5
569,4
570,3
571,4
572,6
573,4
574,4
575,0
576,3
577,5
578,3
579,4
580,5
581,4
582,0
583,0
584,3
585,3
586,5
587,2
588,3
589,3
590,3
591,4
592,6
593,6
594,3
595,3
596,5
597,2
598,3
599,3
600,0
601,3
602,6
603,6
604,3
605,4
606,3
607,4
608,4
609,3
610,3
611,3
612,6
613,2
614,1
615,3
616,3
617,3
618,3
619,3
620,5
621,3
622,3
623,4
624,3
625,1
626,5
627,5
628,4
629,3
630,6
631,2
632,3
633,5
634,3
635,4
636,4
637,3
638,3
639,4
640,6
641,6
642,3
643,6
644,3
645,5
646,3
647,6
648,2
649,3
650,5
651,5
652,3
653,4
654,3
655,3
656,3
657,2
658,4
659,3
660,6
661,3
662,3
663,3
664,3
665,3
666,0
667,3
668,4
669,3
670,6
671,3
672,4
673,4
674,5
675,3
676,3
677,3
678,3
679,6
680,3
681,5
682,0
683,3
684,3
685,3
686,6
687,5
688,4
689,4
690,5
691,5
692,3
693,2
694,3
695,3
696,0
697,6
698,6
699,3
700,3
701,4
702,6
703,3
704,3
705,3
706,1
707,3
708,3
709,3
710,0
711,3
712,3
713,3
714,3
715,3
716,3
717,4
718,4
719,3
720,3
721,3
722,4
723,5
724,3
725,3
726,3
727,5
728,3
729,5
730,4
731,3
732,3
733,6
734,3
735,4
736,4
737,0
738,3
739,6
740,4
741,2
742,4
743,6
744,5
745,3
746,4
747,2
748,3
749,4
750,4
751,6
752,3
753,6
754,3
755,6
756,4
757,5
758,4
759,3
760,3
761,2
762,4
763,4
764,0
765,3
766,0
767,4
768,3
769,5
770,6
771,3
772,4
773,6
774,3
775,3
776,3
777,4
778,3
779,4
780,3
781,2
782,5
783,4
784,3
785,3
786,3
787,6
788,3
789,3
790,6
791,4
792,4
793,6
794,3
795,4
796,3
797,5
798,3
799,2
800,4
801,3
802,3
803,3
804,3
805,6
806,3
807,0
808,5
809,6
810,4
811,4
812,6
813,2
814,2
815,5
816,3
817,2
818,3
819,2
820,3
821,3
822,6
823,6
824,6
825,6
826,3
827,6
828,3
829,3
830,2
831,3
832,3
833,6
834,3
835,3
836,3
837,3
838,6
839,6
840,3
841,6
842,6
843,6
844,5
845,5
846,3
847,4
848,3
849,5
850,3
851,3
852,6
853,3
854,2
855,3
856,4
857,3
858,3
859,2
860,5
861,4
862,3
863,3
864,5
865,6
866,3
867,3
868,3
869,3
870,3
871,2
872,3
873,3
874,6
875,3
876,3
877,3
878,3
879,3
880,6
881,3
882,6
883,3
884,3
885,6
886,2
887,0
888,6
889,6
890,3
891,3
892,5
893,3
894,6
895,3
896,3
897,4
898,6
899,3
900,3
901,6
902,4
903,0
904,6
905,2
906,2
907,3
908,4
909,3
910,0
911,3
912,3
913,5
914,3
915,3
916,3
917,2
918,3
919,3
920,3
921,4
922,3
923,4
924,4
925,3
926,4
927,3
928,5
929,6
930,3
931,3
932,3
933,3
934,6
935,4
936,4
937,6
938,3
939,3
940,4
941,2
942,4
943,5
944,4
945,3
946,2
947,2
948,3
949,4
950,2
951,6
952,3
953,5
954,3
955,2
956,4
957,6
958,4
959,2
960,3
961,6
962,2
963,3
964,6
965,3
966,6
967,4
968,6
969,3
970,3
971,3
972,4
973,3
974,4
975,4
976,3
977,3
978,2
979,3
980,3
981,3
982,4
983,4
984,3
985,3
986,1
987,6
988,4
989,2
990,3
991,4
992,5
993,4
994,6
995,3
996,4
997,6
998,3
999,3
1000,3
1001,2
1002,3
1003,3
1004,3
1005,3
1006,2
1007,6
1008,5
1009,3
1010,3
1011,4
1012,6
1013,6
1014,6
1015,5
1016,5
1017,4
1018,2
1019,6
1020,4
1021,3
1022,4
1023,0
1024,3
1025,3
1026,5
1027,3
1028,5
1029,3
1030,0
1031,5
1032,3
1033,3
1034,5
1035,2
1036,4
1037,5
1038,6
1039,3
1040,4
1041,6
1042,3
1043,6
1044,3
1045,3
1046,3
1047,2
1048,3
1049,3
1050,4
1051,4
1052,2
1053,3
1054,3
1055,3
1056,4
1057,4
1058,0
1059,3
1060,2
1061,2
1062,3
1063,6
1064,3
1065,6
1066,5
1067,0
1068,3
1069,3
1070,3
1071,6
1072,6
1073,4
1074,4
1075,2
1076,5
1077,3
1078,3
1079,6
1080,3
1081,0
1082,2
1083,4
1084,2
1085,2
1086,0
1087,5
1088,3
1089,1
1090,3
1091,6
1092,3
1093,3
1094,3
1095,3
1096,4
1097,3
1098,6
1099,4
1100,2
1101,4
1102,4
1103,3
1104,2
1105,6
1106,6
1107,6
1108,6
1109,3
1110,4
1111,0
1112,0
1113,5
1114,6
1115,3
1116,6
1117,3
1118,3
1119,4
1120,3
1121,3
1122,4
1123,4
1124,4
1125,3
1126,6
1127,6
1128,6
1129,6
1130,6
1131,5
1132,2
1133,5
1134,4
1135,0
1136,4
1137,4
1138,3
1139,6
1140,4
1141,4
1142,2
1143,3
1144,4
1145,4
1146,6
1147,6
1148,4
1149,4
1150,0
1151,4
1152,3
1153,3
1154,6
1155,5
1156,4
1157,3
1158,3
1159,3
1160,5
1161,2
1162,3
1163,3
1164,3
1165,3
1166,3
1167,3
1168,3
1169,3
1170,4
1171,3
1172,6
1173,6
1174,3
1175,2
1176,3
1177,4
1178,3
1179,2
1180,3
1181,3
1182,3
1183,3
1184,4
1185,3
1186,6
1187,3
1188,3
1189,3
1190,2
1191,6
1192,4
1193,3
1194,4
1195,4
1196,6
1197,3
1198,3
1199,3
1200,3
1201,6
1202,5
1203,5
1204,4
1205,6
1206,0
1207,3
1208,3
1209,3
1210,3
1211,3
1212,4
1213,5
1214,3
1215,3
1216,3
1217,3
1218,4
1219,3
1220,3
1221,4
1222,4
1223,6
1224,3
1225,4
1226,3
1227,3
1228,3
1229,3
1230,4
1231,6
1232,3
1233,3
1234,3
1235,3
1236,4
1237,2
1238,3
1239,4
1240,3
1241,5
1242,3
1243,3
1244,0
1245,0
1246,3
1247,6
1248,5
1249,5
1250,2
1251,3
1252,3
1253,3
1254,3
1255,0
1256,3
1257,3
1258,4
1259,2
1260,2
1261,3
1262,3
1263,1
1264,4
1265,3
1266,3
1267,4
1268,4
1269,5
1270,3
1271,2
1272,3
1273,2
1274,3
1275,5
1276,3
1277,4
1278,3
1279,6
1280,5
1281,0
1282,6
1283,3
1284,5
1285,0
1286,4
1287,4
1288,3
1289,2
1290,3
1291,4
1292,6
1293,5
1294,6
1295,5
1296,5
1297,3
1298,5
1299,4
1300,3
1301,4
1302,3
1303,2
1304,5
1305,6
1306,2
1307,4
1308,3
1309,5
1310,4
1311,6
1312,3
1313,2
1314,4
1315,4
1316,3
1317,4
1318,6
1319,2
1320,6
1321,0
1322,2
1323,4
1324,0
1325,3
1326,4
1327,4
1328,3
1329,4
1330,4
1331,4
1332,4
1333,5
1334,5
1335,4
1336,3
1337,3
1338,4
1339,3
1340,3
1341,6
1342,4
1343,3
1344,6
1345,3
1346,2
1347,4
1348,3
1349,5
1350,4
1351,3
1352,5
1353,2
1354,5
1355,3
1356,3
1357,3
1358,6
1359,3
1360,3
1361,3
1362,6
1363,3
1364,5
1365,4
1366,6
1367,2
1368,3
1369,5
1370,4
1371,2
1372,1
1373,3
1374,3
1375,5
1376,3
1377,3
1378,3
1379,2
1380,5
1381,4
1382,3
1383,3
1384,0
1385,3
1386,4
1387,3
1388,4
1389,6
1390,3
1391,6
1392,3
1393,6
1394,3
1395,4
1396,3
1397,3
1398,6
1399,3
1400,4
1401,6
1402,3
1403,2
1404,2
1405,6
1406,3
1407,2
1408,0
1409,4
1410,3
1411,4
1412,3
1413,3
1414,3
1415,3
1416,6
1417,4
1418,4
1419,6
1420,3
1421,3
1422,2
1423,3
1424,4
1425,6
1426,6
1427,4
1428,4
1429,3
1430,6
1431,0
1432,3
1433,3
1434,6
1435,6
1436,5
1437,3
1438,3
1439,4
1440,5
1441,6
1442,6
1443,2
1444,4
1445,3
1446,3
1447,5
1448,5
1449,3
1450,4
1451,2
1452,4
1453,6
1454,0
1455,0
1456,6
1457,5
1458,4
1459,3
1460,6
1461,5
1462,4
1463,3
1464,0
1465,0
1466,3
1467,4
1468,0
1469,3
1470,4
1471,3
1472,4
1473,6
1474,2
1475,4
1476,3
1477,4
1478,4
1479,4
1480,4
1481,2
1482,4
1483,3
1484,4
1485,2
1486,1
1487,3
1488,3
1489,6
1490,4
1491,5
1492,2
1493,3
1494,6
1495,4
1496,4
1497,4
1498,2
1499,2
1500,3
1501,3
1502,3
1503,2
1504,3
1505,3
1506,2
1507,3
1508,0
1509,6
1510,3
1511,4
1512,5
1513,3
1514,2
1515,3
1516,4
1517,3
1518,6
1519,3
1520,6
1521,6
1522,4
1523,6
1524,3
1525,3
1526,3
1527,5
1528,3
1529,3
1530,6
1531,3
1532,6
1533,6
1534,5
1535,3
1536,2
1537,3
1538,3
1539,5
1540,3
1541,3
1542,4
1543,4
1544,3
1545,3
1546,2
1547,3
1548,3
1549,3
1550,3
1551,6
1552,2
1553,4
1554,5
1555,3
1556,3
1557,3
1558,3
1559,3
1560,6
1561,5
1562,4
1563,6
1564,3
1565,6
1566,3
1567,6
1568,5
1569,4
1570,3
1571,6
1572,3
1573,6
1574,6
1575,3
1576,3
1577,6
1578,6
1579,6
1580,3
1581,5
1582,6
1583,3
1584,4
1585,0
1586,2
1587,4
1588,3
1589,3
1590,3
1591,3
1592,6
1593,2
1594,3
1595,6
1596,3
1597,3
1598,3
1599,0
1600,3
1601,6
1602,6
1603,6
1604,5
1605,6
1606,3
1607,4
1608,6
1609,3
1610,5
1611,4
1612,5
1613,5
1614,2
1615,4
1616,3
1617,4
1618,3
1619,3
1620,6
1621,4
1622,3
1623,3
1624,6
1625,5
1626,4
1627,2
1628,5
1629,3
1630,3
1631,3
1632,3
1633,5
1634,3
1635,3
1636,4
1637,3
1638,3
1639,6
1640,3
1641,6
1642,0
1643,3
1644,4
1645,5
1646,3
1647,2
1648,3
1649,4
1650,3
1651,3
1652,4
1653,4
1654,6
1655,6
1656,3
1657,6
1658,4
1659,2
1660,4
1661,0
1662,4
1663,2
1664,3
1665,3
1666,3
1667,5
1668,6
1669,3
1670,0
1671,4
1672,4
1673,3
1674,5
1675,6
1676,1
1677,3
1678,5
1679,3
1680,2
1681,3
1682,3
1683,3
1684,3
1685,3
1686,3
1687,4
1688,3
1689,3
1690,3
1691,4
1692,2
1693,3
1694,6
1695,6
1696,6
1697,1
1698,4
1699,5
1700,0
1701,3
1702,3
1703,4
1704,3
1705,3
1706,0
1707,5
1708,3
1709,2
1710,6
1711,2
1712,4
1713,3
1714,3
1715,6
1716,3
1717,3
1718,5
1719,3
1720,3
1721,3
1722,3
1723,4
1724,3
1725,6
1726,2
1727,4
1728,2
1729,3
1730,4
1731,3
1732,5
1733,6
1734,6
1735,3
1736,5
1737,0
1738,4
1739,6
1740,3
1741,5
1742,3
1743,3
1744,3
1745,3
1746,5
1747,2
1748,3
1749,3
1750,5
1751,3
1752,3
1753,4
1754,5
1755,3
1756,5
1757,4
1758,4
1759,4
1760,4
1761,6
1762,4
1763,0
1764,3
1765,2
1766,3
1767,3
1768,3
1769,4
1770,6
1771,3
1772,4
1773,3
1774,5
1775,0
1776,4
1777,2
1778,3
1779,6
1780,3
1781,3
1782,4
1783,4
1784,3
1785,3
1786,3
1787,0
1788,0
1789,5
1790,4
1791,4
1792,3
1793,3
1794,0
1795,6
1796,3
1797,4
1798,5
1799,2
1800,3
1801,6
1802,4
1803,5
1804,4
1805,6
1806,5
1807,4
1808,6
1809,3
1810,3
1811,3
1812,6
1813,5
1814,3
1815,5
1816,5
1817,0
1818,0
1819,3
1820,3
1821,3
1822,3
1823,4
1824,3
1825,6
1826,6
1827,4
1828,2
1829,3
1830,3
1831,3
1832,4
1833,4
1834,3
1835,3
1836,2
1837,2
1838,5
1839,3
1840,3
1841,2
1842,5
1843,6
1844,3
1845,2
1846,4
1847,3
1848,5
1849,3
1850,0
1851,6
1852,3
1853,3
1854,3
1855,6
1856,4
1857,6
1858,4
1859,3
1860,3
1861,2
1862,3
1863,6
1864,4
1865,3
1866,3
1867,3
1868,3
1869,2
1870,3
1871,5
1872,4
1873,3
1874,3
1875,3
1876,4
1877,3
1878,4
1879,3
1880,0
1881,3
1882,2
1883,0
1884,3
1885,3
1886,0
1887,4
1888,6
1889,5
1890,6
1891,4
1892,4
1893,6
1894,3
1895,6
1896,6
1897,4
1898,3
1899,3
1900,3
1901,3
1902,4
1903,2
1904,3
1905,4
1906,0
1907,2
1908,6
1909,4
1910,4
1911,3
1912,3
1913,3
1914,3
1915,2
1916,3
1917,4
1918,4
1919,5
1920,3
1921,3
1922,3
1923,3
1924,6
1925,4
1926,3
1927,6
1928,3
1929,5
1930,3
1931,5
1932,2
1933,3
1934,4
1935,3
1936,4
1937,3
1938,3
1939,5
1940,3
1941,2
1942,3
1943,2
1944,4
1945,6
1946,3
1947,3
1948,3
1949,6
1950,3
1951,5
1952,4
1953,6
1954,3
1955,3
1956,3
1957,3
1958,4
1959,3
1960,4
1961,3
1962,4
1963,5
1964,4
1965,6
1966,3
1967,3
1968,0
1969,4
1970,2
1971,3
1972,2
1973,3
1974,6
1975,5
1976,4
1977,5
1978,3
1979,3
1980,3
1981,3
1982,6
1983,3
1984,3
1985,4
1986,4
1987,5
1988,2
1989,2
1990,5
1991,4
1992,5
1993,0
1994,5
1995,3
1996,3
1997,3
1998,3
1999,3
2000,5
2001,4
2002,2
2003,3
2004,3
2005,3
2006,3
2007,6
2008,3
2009,5
2010,3
2011,6
2012,5
2013,6
2014,3
2015,3
2016,2
2017,3
2018,3
2019,6
2020,3
2021,6
2022,2
2023,6
2024,3
2025,3
2026,6
2027,2
2028,3
2029,4
2030,3
2031,6
2032,5
2033,2
2034,6
2035,3
2036,6
2037,4
2038,2
2039,3
2040,5
2041,3
2042,5
2043,5
2044,3
2045,3
2046,3
2047,0
2048,3
2049,4
2050,3
2051,2
2052,4
2053,5
2054,3
2055,3
2056,3
2057,3
2058,0
2059,0
2060,2
2061,3
2062,3
2063,3
2064,4
2065,3
2066,6
2067,5
2068,6
2069,6
2070,3
2071,5
2072,3
2073,3
2074,3
2075,4
2076,4
2077,3
2078,3
2079,3
2080,3
2081,6
2082,3
2083,3
2084,2
2085,0
2086,3
2087,3
2088,6
2089,3
2090,6
2091,6
2092,2
2093,3
2094,3
2095,5
2096,3
2097,3
2098,2
2099,3
2100,6
2101,6
2102,5
2103,4
2104,3
2105,3
2106,3
2107,0
2108,6
2109,3
2110,2
2111,3
2112,3
2113,5
2114,3
2115,2
2116,6
2117,4
2118,5
2119,3
2120,6
2121,6
2122,4
2123,3
2124,6
2125,1
2126,2
2127,3
2128,3
2129,6
2130,6
2131,3
2132,3
2133,3
2134,0
2135,3
2136,3
2137,3
2138,3
2139,3
2140,3
2141,5
2142,3
2143,3
2144,4
2145,4
2146,4
2147,3
2148,3
2149,3
2150,6
2151,3
2152,2
2153,3
2154,5
2155,4
2156,6
2157,6
2158,3
2159,4
2160,5
2161,3
2162,6
2163,2
2164,2
2165,3
2166,3
2167,2
2168,3
2169,3
2170,3
2171,3
2172,4
2173,2
2174,5
2175,3
2176,3
2177,6
2178,3
2179,4
2180,4
2181,3
2182,0
2183,2
2184,5
2185,4
2186,4
2187,2
2188,3
2189,6
2190,3
2191,2
2192,3
2193,6
2194,2
2195,5
2196,2
2197,4
2198,6
2199,5
2200,3
2201,5
2202,5
2203,3
2204,6
2205,3
2206,3
2207,3
2208,2
2209,2
2210,6
2211,4
2212,6
2213,3
2214,0
2215,3
2216,3
2217,2
2218,4
2219,6
2220,6
2221,3
2222,6
2223,2
2224,3
2225,3
2226,3
2227,3
2228,6
2229,3
2230,3
2231,6
2232,3
2233,2
2234,5
2235,4
2236,3
2237,0
2238,2
2239,3
2240,3
2241,3
2242,6
2243,2
2244,0
2245,3
2246,4
2247,2
2248,2
2249,3
2250,6
2251,3
2252,6
2253,3
2254,3
2255,3
2256,3
2257,4
2258,3
2259,5
2260,6
2261,4
2262,5
2263,2
2264,3
2265,6
2266,3
2267,5
2268,3
2269,3
2270,5
2271,0
2272,6
2273,6
2274,3
2275,3
2276,3
2277,2
2278,3
2279,4
2280,4
2281,0
2282,3
2283,0
2284,6
2285,5
2286,5
2287,2
2288,3
2289,2
2290,6
2291,5
2292,3
2293,3
2294,0
2295,5
2296,4
2297,4
2298,6
2299,3
2300,3
2301,3
2302,4
2303,0
2304,3
2305,6
2306,3
2307,4
2308,5
2309,4
2310,6
2311,0
2312,3
2313,5
2314,6
2315,4
2316,3
2317,0
2318,4
2319,3
2320,2
2321,6
2322,0
2323,3
2324,3
2325,0
2326,3
2327,6
2328,3
2329,3
2330,4
2331,2
2332,2
2333,3
2334,2
2335,4
2336,2
2337,3
2338,6
2339,3
2340,6
2341,3
2342,3
2343,5
2344,6
2345,4
2346,6
2347,3
2348,3
2349,5
2350,5
2351,4
2352,6
2353,6
2354,4
2355,2
2356,6
2357,3
2358,3
2359,6
2360,3
2361,2
2362,4
2363,6
2364,3
2365,3
2366,3
2367,3
2368,6
2369,3
2370,6
2371,3
2372,6
2373,6
2374,6
2375,3
2376,3
2377,2
2378,3
2379,4
2380,0
2381,4
2382,3
2383,4
2384,6
2385,3
2386,4
2387,6
2388,3
2389,1
2390,5
2391,3
2392,3
2393,3
2394,6
2395,3
2396,0
2397,3
2398,3
2399,4
2400,0
2401,6
2402,0
2403,5
2404,3
2405,5
2406,3
2407,6
2408,5
2409,3
2410,6
2411,3
2412,2
2413,5
2414,3
2415,4
2416,3
2417,6
2418,3
2419,5
2420,6
2421,0
2422,3
2423,6
2424,5
2425,2
2426,3
2427,5
2428,3
2429,6
2430,6
2431,4
2432,4
2433,5
2434,3
2435,4
2436,5
2437,2
2438,3
2439,3
2440,5
2441,6
2442,4
2443,4
2444,3
2445,5
2446,3
2447,6
2448,3
2449,3
2450,3
2451,0
2452,3
2453,4
2454,4
2455,3
2456,4
2457,5
2458,3
2459,2
2460,6
2461,3
2462,3
2463,3
2464,0
2465,6
2466,6
2467,3
2468,3
2469,2
2470,4
2471,6
2472,4
2473,4
2474,5
2475,6
2476,3
2477,4
2478,3
2479,5
2480,4
2481,4
2482,1
2483,6
2484,6
2485,3
2486,5
2487,3
2488,3
2489,5
2490,2
2491,3
2492,0
2493,3
2494,3
2495,3
2496,5
2497,3
2498,0
2499,3
2500,3
2501,3
2502,5
2503,6
2504,4
2505,6
2506,6
2507,2
2508,4
2509,4
2510,5
2511,0
2512,3
2513,2
2514,3
2515,5
2516,6
2517,3
2518,5
2519,5
2520,2
2521,4
2522,4
2523,4
2524,3
2525,4
2526,3
2527,3
2528,0
2529,3
2530,3
2531,3
2532,3
2533,3
2534,0
2535,2
2536,6
2537,5
2538,5
2539,3
2540,4
2541,6
2542,3
2543,3
2544,2
2545,5
2546,5
2547,4
2548,6
2549,3
2550,3
2551,3
2552,4
2553,6
2554,2
2555,5
2556,6
2557,3
2558,3
2559,4
2560,3
2561,2
2562,0
2563,3
2564,3
2565,6
2566,3
2567,6
2568,4
2569,3
2570,6
2571,3
2572,6
2573,3
2574,6
2575,3
2576,3
2577,6
2578,2
2579,3
2580,6
2581,2
2582,3
2583,4
2584,3
2585,3
2586,3
2587,0
2588,6
2589,2
2590,3
2591,3
2592,3
2593,6
2594,3
2595,3
2596,3
2597,4
2598,3
2599,2
2600,5
2601,3
2602,3
2603,3
2604,3
2605,6
2606,5
2607,5
2608,3
2609,3
2610,3
2611,4
2612,3
2613,6
2614,2
2615,4
2616,3
2617,6
2618,3
2619,4
2620,3
2621,4
2622,4
2623,6
2624,3
2625,5
2626,3
2627,2
2628,5
2629,4
2630,3
2631,3
2632,6
2633,3
2634,3
2635,5
2636,3
2637,3
2638,6
2639,3
2640,2
2641,5
2642,3
2643,4
2644,4
2645,2
2646,0
2647,5
2648,3
2649,5
2650,2
2651,3
2652,4
2653,3
2654,3
2655,6
2656,3
2657,4
2658,5
2659,5
2660,1
2661,5
2662,3
2663,3
2664,4
2665,3
2666,4
2667,3
2668,6
2669,0
2670,2
2671,3
2672,4
2673,4
2674,3
2675,6
2676,6
2677,3
2678,3
2679,3
2680,2
2681,6
2682,3
2683,3
2684,4
2685,4
2686,5
2687,4
2688,4
2689,6
2690,6
2691,6
2692,5
2693,3
2694,3
2695,6
2696,2
2697,3
2698,6
2699,6
2700,4
2701,3
2702,3
2703,4
2704,5
2705,6
2706,4
2707,0
2708,4
2709,3
2710,4
2711,3
2712,2
2713,4
2714,0
2715,0
2716,3
2717,6
2718,3
2719,6
2720,2
2721,3
2722,4
2723,6
2724,4
2725,4
2726,6
2727,6
2728,3
2729,6
2730,0
2731,6
2732,6
2733,3
2734,6
2735,3
2736,5
2737,3
2738,6
2739,2
2740,2
2741,4
2742,0
2743,0
2744,3
2745,4
2746,2
2747,4
2748,3
2749,3
2750,3
2751,5
2752,3
2753,6
2754,4
2755,3
2756,3
2757,2
2758,3
2759,3
2760,3
2761,6
2762,5
2763,3
2764,3
2765,5
2766,3
2767,3
2768,6
2769,3
2770,3
2771,3
2772,6
2773,4
2774,3
2775,4
2776,3
2777,3
2778,6
2779,3
2780,6
2781,0
2782,2
2783,3
2784,3
2785,5
2786,6
2787,0
2788,3
2789,5
2790,6
2791,3
2792,3
2793,6
2794,3
2795,0
2796,2
2797,2
2798,3
2799,2
2800,0
2801,4
2802,6
2803,3
2804,6
2805,3
2806,3
2807,6
2808,3
2809,4
2810,6
2811,3
2812,3
2813,3
2814,6
2815,0
2816,6
2817,5
2818,4
2819,3
2820,5
2821,4
2822,4
2823,5
2824,3
2825,6
2826,3
2827,3
2828,3
2829,3
2830,4
2831,6
2832,5
2833,4
2834,5
2835,3
2836,3
2837,5
2838,3
2839,2
2840,2
2841,3
2842,6
2843,3
2844,3
2845,0
2846,3
2847,3
2848,2
2849,3
2850,4
2851,6
2852,5
2853,5
2854,5
2855,3
2856,5
2857,3
2858,3
2859,6
2860,4
2861,3
2862,3
2863,4
2864,0
2865,3
2866,5
2867,3
2868,3
2869,6
2870,4
2871,3
2872,0
2873,3
2874,6
2875,4
2876,5
2877,4
2878,4
2879,2
2880,3
2881,3
2882,3
2883,3
2884,3
2885,4
2886,3
2887,2
2888,6
2889,4
2890,2
2891,4
2892,0
2893,6
2894,4
2895,2
2896,6
2897,4
2898,6
2899,3
2900,2
2901,3
2902,3
2903,5
2904,2
2905,3
2906,4
2907,0
2908,4
2909,2
2910,6
2911,3
2912,3
2913,5
2914,5
2915,3
2916,6
2917,3
2918,6
2919,6
2920,3
2921,5
2922,3
2923,5
2924,3
2925,6
2926,3
2927,4
2928,6
2929,5
2930,3
2931,6
2932,3
2933,4
2934,3
2935,3
2936,3
2937,4
2938,0
2939,5
2940,5
2941,4
2942,6
2943,6
2944,3
2945,3
2946,3
2947,4
2948,5
2949,5
2950,5
2951,5
2952,4
2953,0
2954,5
2955,3
2956,3
2957,3
2958,3
2959,0
2960,3
2961,6
2962,3
2963,3
2964,6
2965,2
2966,5
2967,3
2968,2
2969,0
2970,6
2971,3
2972,0
2973,3
2974,4
2975,2
2976,5
2977,3
2978,2
2979,3
2980,3
2981,6
2982,3
2983,6
2984,3
2985,3
2986,4
2987,5
2988,0
2989,3
2990,5
2991,2
2992,4
2993,3
2994,0
2995,3
2996,3
2997,3
2998,3
2999,6
3000,3
3001,3
3002,3
3003,3
3004,3
3005,3
3006,3
3007,5
3008,3
3009,3
3010,3
3011,4
3012,3
3013,4
3014,3
3015,4
3016,6
3017,2
3018,5
3019,2
3020,4
3021,4
3022,4
3023,4
3024,2
3025,3
3026,3
3027,6
3028,4
3029,4
3030,3
3031,3
3032,3
3033,4
3034,3
3035,5
3036,2
3037,4
3038,2
3039,4
3040,3
3041,3
3042,3
3043,2
3044,3
3045,3
3046,3
3047,4
3048,3
3049,3
3050,4
3051,5
3052,4
3053,3
3054,3
3055,3
3056,3
3057,4
3058,6
3059,3
3060,3
3061,4
3062,5
3063,3
3064,5
3065,2
3066,3
3067,6
3068,3
3069,3
3070,3
3071,4
3072,3
3073,3
3074,3
3075,3
3076,4
3077,5
3078,1
3079,3
3080,6
3081,4
3082,4
3083,3
3084,6
3085,6
3086,5
3087,6
3088,2
3089,5
3090,3
3091,3
3092,5
3093,1
3094,6
3095,4
3096,0
3097,6
3098,2
3099,3
3100,3
3101,6
3102,6
3103,3
3104,3
3105,5
3106,3
3107,6
3108,3
3109,0
3110,6
3111,3
3112,4
3113,4
3114,3
3115,3
3116,3
3117,2
3118,3
3119,4
3120,4
3121,2
3122,3
3123,4
3124,3
3125,3
3126,4
3127,0
3128,3
3129,4
3130,3
3131,2
3132,6
3133,6
3134,6
3135,6
3136,2
3137,3
3138,4
3139,4
3140,4
3141,4
3142,3
3143,5
3144,6
3145,3
3146,6
3147,5
3148,4
3149,3
3150,4
3151,4
3152,6
3153,3
3154,3
3155,2
3156,3
3157,4
3158,3
3159,4
3160,2
3161,4
3162,4
3163,5
3164,3
3165,3
3166,4
3167,5
3168,4
3169,3
3170,5
3171,3
3172,4
3173,2
3174,4
3175,3
3176,4
3177,5
3178,6
3179,3
3180,3
3181,6
3182,2
3183,3
3184,2
3185,3
3186,3
3187,4
3188,4
3189,3
3190,4
3191,0
3192,3
3193,2
3194,3
3195,3
3196,3
3197,2
3198,3
3199,3
3200,5
3201,3
3202,3
3203,3
3204,0
3205,3
3206,6
3207,5
3208,0
3209,6
3210,3
3211,4
3212,4
3213,5
3214,6
3215,5
3216,3
3217,4
3218,3
3219,3
3220,6
3221,3
3222,6
3223,4
3224,0
3225,3
3226,5
3227,6
3228,3
3229,4
3230,3
3231,6
3232,3
3233,5
3234,3
3235,4
3236,4
3237,4
3238,6
3239,0
3240,3
3241,6
3242,5
3243,4
3244,4
3245,3
3246,6
3247,3
3248,6
3249,3
3250,3
3251,3
3252,4
3253,4
3254,4
3255,3
3256,4
3257,4
3258,4
3259,2
3260,2
3261,3
3262,0
3263,3
3264,2
3265,4
3266,3
3267,6
3268,3
3269,2
3270,5
3271,3
3272,5
3273,6
3274,3
3275,4
3276,3
3277,3
3278,6
3279,6
3280,3
3281,3
3282,3
3283,4
3284,3
3285,6
3286,3
3287,2
3288,5
3289,3
3290,3
3291,2
3292,2
3293,0
3294,5
3295,4
3296,4
3297,6
3298,4
3299,3
3300,3
3301,3
3302,6
3303,5
3304,3
3305,3
3306,3
3307,6
3308,6
3309,0
3310,3
3311,3
3312,6
3313,6
3314,4
3315,3
3316,3
3317,4
3318,5
3319,3
3320,3
3321,0
3322,3
3323,2
3324,3
3325,3
3326,0
3327,3
3328,6
3329,3
3330,3
3331,3
3332,4
3333,6
3334,6
3335,4
3336,6
3337,3
3338,5
3339,3
3340,0
3341,3
3342,6
3343,6
3344,6
3345,2
3346,3
3347,3
3348,3
3349,6
3350,3
3351,3
3352,6
3353,3
3354,6
3355,3
3356,4
3357,2
3358,4
3359,6
3360,6
3361,6
3362,3
3363,2
3364,5
3365,3
3366,3
3367,4
3368,5
3369,4
3370,4
3371,6
3372,3
3373,4
3374,3
3375,6
3376,4
3377,3
3378,4
3379,3
3380,0
3381,6
3382,6
3383,0
3384,0
3385,2
3386,5
3387,3
3388,6
3389,3
3390,5
3391,4
3392,3
3393,4
3394,6
3395,3
3396,0
3397,5
3398,2
3399,2
3400,3
3401,6
3402,3
3403,3
3404,3
3405,4
3406,6
3407,4
3408,4
3409,3
3410,5
3411,2
3412,6
3413,3
3414,4
3415,3
3416,4
3417,3
3418,0
3419,6
3420,3
3421,3
3422,3
3423,3
3424,4
3425,4
3426,3
3427,0
3428,2
3429,6
3430,3
3431,4
3432,3
3433,3
3434,4
3435,3
3436,6
3437,3
3438,3
3439,3
3440,2
3441,3
3442,6
3443,6
3444,3
3445,3
3446,2
3447,2
3448,6
3449,3
3450,3
3451,3
3452,5
3453,6
3454,2
3455,2
3456,6
3457,6
3458,6
3459,3
3460,3
3461,3
3462,3
3463,3
3464,3
3465,0
3466,3
3467,6
3468,2
3469,3
3470,3
3471,3
3472,4
3473,3
3474,5
3475,3
3476,4
3477,3
3478,2
3479,3
3480,0
3481,3
3482,2
3483,6
3484,3
3485,4
3486,4
3487,5
3488,1
3489,4
3490,3
3491,4
3492,5
3493,6
3494,3
3495,3
3496,3
3497,4
3498,6
3499,4
3500,6
3501,4
3502,3
3503,3
3504,6
3505,3
3506,3
3507,4
3508,2
3509,6
3510,3
3511,3
3512,4
3513,6
3514,3
3515,4
3516,3
3517,2
3518,3
3519,3
3520,4
3521,3
3522,6
3523,6
3524,6
3525,4
3526,6
3527,4
3528,2
3529,6
3530,0
3531,5
3532,4
3533,0
3534,6
3535,5
3536,5
3537,2
3538,3
3539,3
3540,3
3541,3
3542,3
3543,3
3544,4
3545,3
3546,3
3547,3
3548,2
3549,6
3550,3
3551,0
3552,3
3553,4
3554,6
3555,3
3556,0
3557,3
3558,3
3559,5
3560,4
3561,6
3562,3
3563,3
3564,3
3565,5
3566,4
3567,3
3568,3
3569,3
3570,4
3571,3
3572,4
3573,4
3574,4
3575,6
3576,5
3577,5
3578,3
3579,2
3580,4
3581,4
3582,5
3583,4
3584,6
3585,3
3586,3
3587,3
3588,2
